0.850000	0.100000	0.050000	0.000000	0.000000	0.000000	0.000000	0.000000	
0.050000	0.850000	0.050000	0.000000	0.000000	0.000000	0.050000	0.000000	
0.100000	0.000000	0.900000	0.000000	0.000000	0.000000	0.000000	0.000000	
0.076923	0.000000	0.000000	0.692308	0.153846	0.076923	0.000000	0.000000	
0.000000	0.000000	0.000000	0.000000	0.722222	0.055556	0.222222	0.000000	
0.000000	0.000000	0.000000	0.000000	0.200000	0.800000	0.000000	0.000000	
0.000000	0.000000	0.000000	0.000000	0.368421	0.000000	0.631579	0.000000	
0.000000	0.000000	0.000000	0.000000	0.000000	0.000000	0.000000	1.000000	

accuracy: 0.8057636097073555
