tensor([[1.0000, 0.0000, 0.0000, 0.0000, 0.0000, 0.0000, 0.0000, 0.0000],
        [0.0000, 1.0000, 0.0000, 0.0000, 0.0000, 0.0000, 0.0000, 0.0000],
        [0.0000, 0.0000, 0.9000, 0.1000, 0.0000, 0.0000, 0.0000, 0.0000],
        [0.0000, 0.0000, 0.0000, 1.0000, 0.0000, 0.0000, 0.0000, 0.0000],
        [0.0000, 0.0000, 0.0000, 0.0000, 0.8333, 0.1111, 0.0556, 0.0000],
        [0.0000, 0.0000, 0.0000, 0.0000, 0.3000, 0.7000, 0.0000, 0.0000],
        [0.0000, 0.0000, 0.0000, 0.0000, 0.3158, 0.0000, 0.6842, 0.0000],
        [0.0000, 0.0000, 0.0000, 0.0000, 0.0000, 0.0000, 0.0000, 1.0000]])

accuracy: 0.8896929770708084
