tensor([[0.9500, 0.0500, 0.0000, 0.0000, 0.0000, 0.0000, 0.0000, 0.0000],
        [0.0500, 0.9000, 0.0000, 0.0500, 0.0000, 0.0000, 0.0000, 0.0000],
        [0.1000, 0.0000, 0.8000, 0.1000, 0.0000, 0.0000, 0.0000, 0.0000],
        [0.0000, 0.0000, 0.0000, 0.8462, 0.1538, 0.0000, 0.0000, 0.0000],
        [0.0000, 0.0000, 0.0000, 0.0000, 0.6111, 0.1111, 0.2778, 0.0000],
        [0.0000, 0.0000, 0.0000, 0.1000, 0.1000, 0.7000, 0.1000, 0.0000],
        [0.0000, 0.0000, 0.0000, 0.0000, 0.2105, 0.0000, 0.7895, 0.0000],
        [0.0000, 0.0000, 0.0000, 0.0000, 0.0000, 0.0000, 0.0000, 1.0000]])

accuracy: 0.8245923295617104
