0.300000	0.300000	0.400000	0.000000	0.000000	0.000000	0.000000	0.000000	
0.050000	0.650000	0.300000	0.000000	0.000000	0.000000	0.000000	0.000000	
0.000000	0.000000	1.000000	0.000000	0.000000	0.000000	0.000000	0.000000	
0.000000	0.000000	0.230769	0.538462	0.153846	0.076923	0.000000	0.000000	
0.000000	0.000000	0.000000	0.000000	0.722222	0.111111	0.166667	0.000000	
0.000000	0.000000	0.000000	0.100000	0.100000	0.600000	0.200000	0.000000	
0.000000	0.000000	0.000000	0.052632	0.263158	0.105263	0.578947	0.000000	
0.000000	0.000000	0.000000	0.000000	0.000000	0.000000	0.000000	1.000000	

accuracy: 0.6737038940191269
