0.800000,0.150000,0.000000,0.050000,0.000000,0.000000,0.000000,0.000000,
0.100000,0.800000,0.000000,0.050000,0.000000,0.000000,0.050000,0.000000,
0.400000,0.000000,0.000000,0.600000,0.000000,0.000000,0.000000,0.000000,
0.000000,0.000000,0.000000,0.846154,0.153846,0.000000,0.000000,0.000000,
0.000000,0.000000,0.000000,0.000000,0.666667,0.000000,0.333333,0.000000,
0.000000,0.000000,0.000000,0.400000,0.300000,0.000000,0.300000,0.000000,
0.000000,0.000000,0.000000,0.000000,0.263158,0.000000,0.736842,0.000000,
0.000000,0.000000,0.000000,0.000000,0.000000,0.000000,0.000000,1.000000,

accuracy: 0.6062078326940536
