0.800000	0.100000	0.050000	0.050000	0.000000	0.000000	0.000000	0.000000	
0.100000	0.700000	0.150000	0.000000	0.000000	0.000000	0.050000	0.000000	
0.000000	0.000000	1.000000	0.000000	0.000000	0.000000	0.000000	0.000000	
0.076923	0.000000	0.000000	0.692308	0.153846	0.076923	0.000000	0.000000	
0.000000	0.000000	0.000000	0.000000	0.666667	0.111111	0.222222	0.000000	
0.000000	0.000000	0.000000	0.100000	0.200000	0.700000	0.000000	0.000000	
0.000000	0.000000	0.000000	0.000000	0.315789	0.000000	0.684211	0.000000	
0.000000	0.000000	0.000000	0.000000	0.000000	0.000000	0.000000	1.000000	

accuracy: 0.7803981155157089
