0.300000,0.350000,0.250000,0.100000,0.000000,0.000000,0.000000,0.000000,
0.150000,0.600000,0.250000,0.000000,0.000000,0.000000,0.000000,0.000000,
0.400000,0.000000,0.300000,0.300000,0.000000,0.000000,0.000000,0.000000,
0.153846,0.000000,0.000000,0.692308,0.153846,0.000000,0.000000,0.000000,
0.000000,0.000000,0.000000,0.000000,0.777778,0.000000,0.222222,0.000000,
0.000000,0.000000,0.000000,0.300000,0.400000,0.000000,0.300000,0.000000,
0.000000,0.000000,0.000000,0.000000,0.368421,0.000000,0.631579,0.000000,
0.000000,0.000000,0.000000,0.000000,0.000000,0.000000,0.000000,1.000000,

accuracy: 0.5377080589532852
