0.000000	0.650000	0.250000	0.050000	0.000000	0.000000	0.050000	0.000000	
0.000000	0.650000	0.300000	0.000000	0.050000	0.000000	0.000000	0.000000	
0.000000	0.100000	0.900000	0.000000	0.000000	0.000000	0.000000	0.000000	
0.000000	0.000000	0.153846	0.615385	0.153846	0.076923	0.000000	0.000000	
0.000000	0.000000	0.000000	0.000000	0.777778	0.111111	0.111111	0.000000	
0.000000	0.000000	0.000000	0.100000	0.400000	0.400000	0.100000	0.000000	
0.000000	0.000000	0.000000	0.000000	0.368421	0.052632	0.578947	0.000000	
0.000000	0.000000	0.000000	0.000000	0.000000	0.000000	0.000000	1.000000	

accuracy: 0.615263719111681
