tensor([[1.0000, 0.0000, 0.0000, 0.0000, 0.0000, 0.0000, 0.0000, 0.0000],
        [0.0000, 1.0000, 0.0000, 0.0000, 0.0000, 0.0000, 0.0000, 0.0000],
        [0.1000, 0.0000, 0.9000, 0.0000, 0.0000, 0.0000, 0.0000, 0.0000],
        [0.0000, 0.0000, 0.0000, 1.0000, 0.0000, 0.0000, 0.0000, 0.0000],
        [0.0000, 0.0000, 0.0000, 0.0000, 0.7222, 0.1111, 0.1667, 0.0000],
        [0.0000, 0.0000, 0.0000, 0.0000, 0.0000, 0.9000, 0.1000, 0.0000],
        [0.0000, 0.0000, 0.0000, 0.0000, 0.1579, 0.0526, 0.7895, 0.0000],
        [0.0000, 0.0000, 0.0000, 0.0000, 0.0000, 0.0000, 0.0000, 1.0000]])

accuracy: 0.9139619842171669
