0.550000,0.050000,0.300000,0.050000,0.050000,0.000000,0.000000,0.000000,
0.050000,0.850000,0.100000,0.000000,0.000000,0.000000,0.000000,0.000000,
0.000000,0.000000,1.000000,0.000000,0.000000,0.000000,0.000000,0.000000,
0.000000,0.076923,0.000000,0.846154,0.076923,0.000000,0.000000,0.000000,
0.000000,0.000000,0.000000,0.000000,0.833333,0.111111,0.055556,0.000000,
0.000000,0.000000,0.000000,0.100000,0.100000,0.700000,0.100000,0.000000,
0.000000,0.000000,0.000000,0.000000,0.263158,0.052632,0.684211,0.000000,
0.000000,0.000000,0.000000,0.000000,0.000000,0.000000,0.000000,1.000000,

accuracy: 0.807962216436863
