tensor([[0.4500, 0.0500, 0.4500, 0.0500, 0.0000, 0.0000, 0.0000, 0.0000],
        [0.0500, 0.4500, 0.4000, 0.0500, 0.0500, 0.0000, 0.0000, 0.0000],
        [0.0000, 0.0000, 1.0000, 0.0000, 0.0000, 0.0000, 0.0000, 0.0000],
        [0.0000, 0.0000, 0.0769, 0.6923, 0.2308, 0.0000, 0.0000, 0.0000],
        [0.0000, 0.0000, 0.0000, 0.0000, 0.6667, 0.1111, 0.2222, 0.0000],
        [0.0000, 0.0000, 0.0000, 0.1000, 0.2000, 0.7000, 0.0000, 0.0000],
        [0.0000, 0.0000, 0.0000, 0.0000, 0.4211, 0.0526, 0.5263, 0.0000],
        [0.0000, 0.0000, 0.0000, 0.0000, 0.0000, 0.0000, 0.0000, 1.0000]])

accuracy: 0.6856612712144852
